28,1
28,3
27,1
27,3
29,49
29,48
29,47
29,46
29,45
29,44
29,43
29,42
29,41
29,40
29,39
29,38
29,37
29,36
29,35
3,1
3,3
10,154
10,196
10,10
10,112
10,138
10,20
10,200
11,7
11,6
11,12
11,14
9,7
8,13
8,14
8,8
8,10
8,16
8,9
20,3
20,2
20,1
19,3
19,2
19,1
12,3
12,2
12,1
11,30
11,29
11,28
11,27
11,26
11,25
11,24
11,23
11,22
11,21
11,16
11,15
11,11
11,9
11,8
11,5
11,4
11,3
11,2
11,1
10,315
10,314
10,313
10,312
10,311
10,310
10,309
10,308
10,307
10,306
10,305
18,1
10,304
18,3
10,303
10,302
10,301
10,300
10,299
10,298
10,297
10,296
10,295
10,294
10,293
10,292
10,291
10,290
10,289
10,288
10,287
10,286
10,285
10,284
10,283
10,282
